1261229755.0818
1261229755.0974
1261229755.1130
1261229755.1130
1261229755.1286
1261229755.1443
1261229755.1599
1261229755.1599
1261229755.1755
1261229755.1911
1261229755.2068
1261229755.2068
1261229755.2693
1261229755.2693
1261229755.2849
1261229755.2849
1261229755.3005
1261229755.3161
1261229755.3318
1261229755.3318
1261229755.3474
1261229755.3630
1261229755.3786
1261229755.3943
1261229755.3943
1261229755.3943
1261229755.4099
1261229755.4255
1261229755.4411
1261229755.4411
1261229755.4568
1261229755.4724
1261229755.4880
1261229755.4880
1261229755.5505
1261229755.5505
1261229755.5661
1261229755.5661
1261229755.5818
1261229755.5974
1261229755.6130
1261229755.6130
1261229755.6286
1261229755.6443
1261229755.6911
1261229755.6911
1261229755.7068
1261229755.7224
1261229755.7380
1261229755.7380
1261229755.7536
1261229755.7693
1261229755.7849
1261229755.7849
1261229755.8005
1261229755.8161
1261229755.8318
1261229755.8474
1261229755.8630
1261229755.8630
1261229755.8786
1261229755.8943
1261229755.9099
1261229755.9099
1261229755.9255
1261229755.9411
1261229755.9724
1261229755.9880
1261229756.0036
1261229756.0036
1261229756.0193
1261229756.0349
1261229756.0505
1261229756.0505
1261229756.1130
1261229756.1130
1261229756.1286
1261229756.1286
1261229756.1443
1261229756.1599
1261229756.1755
1261229756.1755
1261229756.1911
1261229756.2068
1261229756.2224
1261229756.2693
1261229756.2693
1261229756.2849
1261229756.3005
1261229756.3005
1261229756.3161
1261229756.3318
1261229756.3474
1261229756.3474
1261229756.3630
1261229756.3786
1261229756.3943
1261229756.3943
1261229756.4099
1261229756.4255
1261229756.4411
1261229756.4411
1261229756.4568
1261229756.4724
1261229756.4880
1261229756.4880
1261229756.5505
1261229756.5505
1261229756.5661
1261229756.5661
1261229756.5817
1261229756.5974
1261229756.6130
1261229756.6130
1261229756.6286
1261229756.6442
1261229756.6599
1261229756.6599
1261229756.6755
1261229756.6911
1261229756.7067
1261229756.7067
1261229756.7224
1261229756.7380
1261229756.7536
1261229756.7536
1261229756.7692
1261229756.7849
1261229756.8317
1261229756.8317
1261229756.8474
1261229756.8630
1261229756.8786
1261229756.8786
1261229756.8942
1261229756.9099
1261229756.9255
1261229756.9255
1261229756.9567
1261229756.9567
1261229756.9567
1261229756.9724
1261229756.9880
1261229757.0036
1261229757.0036
1261229757.0192
1261229757.0349
1261229757.0505
1261229757.0505
1261229757.1130
1261229757.1130
1261229757.1286
1261229757.1286
1261229757.1442
1261229757.1599
1261229757.1755
1261229757.1755
1261229757.1911
1261229757.2067
1261229757.2224
1261229757.2380
1261229757.2380
1261229757.2380
1261229757.2536
1261229757.2692
1261229757.2849
1261229757.2849
1261229757.3005
1261229757.3161
1261229757.3317
1261229757.3786
1261229757.3786
1261229757.3942
1261229757.4099
1261229757.4099
1261229757.4255
1261229757.4411
1261229757.4567
1261229757.4567
1261229757.4724
1261229757.4880
1261229757.5349
1261229757.5349
1261229757.5505
1261229757.5661
1261229757.5817
1261229757.5817
1261229757.5974
1261229757.6130
1261229757.6286
1261229757.6286
1261229757.6442
1261229757.6599
1261229757.6755
1261229757.6911
1261229757.6911
1261229757.7067
1261229757.7224
1261229757.7380
1261229757.7380
1261229757.7536
1261229757.7692
1261229757.8161
1261229757.8161
1261229757.8317
1261229757.8474
1261229757.8630
1261229757.8630
1261229757.8786
1261229757.8942
1261229757.9099
1261229757.9099
1261229757.9255
1261229757.9411
1261229757.9567
1261229757.9567
1261229757.9724
1261229758.0036
1261229758.0192
1261229758.0349
1261229758.0349
1261229758.0505
1261229758.0661
1261229758.0817
1261229758.0817
1261229758.1442
1261229758.1442
1261229758.1599
1261229758.1599
1261229758.1755
1261229758.1911
1261229758.2067
1261229758.2067
1261229758.2224
1261229758.2380
1261229758.2536
1261229758.3005
1261229758.3005
1261229758.3161
1261229758.3317
1261229758.3317
1261229758.3474
1261229758.3630
1261229758.3786
1261229758.3786
1261229758.3942
1261229758.4099
1261229758.4255
1261229758.4255
1261229758.4411
1261229758.4567
1261229758.4724
1261229758.4724
1261229758.4880
1261229758.5036
1261229758.5192
1261229758.5192
1261229758.5349
1261229758.5974
1261229758.6130
1261229758.6286
1261229758.6286
1261229758.6442
1261229758.6599
1261229758.6755
1261229758.6755
1261229758.7380
1261229758.7380
1261229758.7536
1261229758.7536
1261229758.7692
1261229758.7849
1261229758.8005
1261229758.8005
1261229758.8161
1261229758.8317
1261229758.8474
1261229758.8474
1261229758.8630
1261229758.8786
1261229758.8942
1261229758.8942
1261229758.9099
1261229758.9255
1261229758.9411
1261229758.9411
1261229758.9567
1261229758.9724
1261229759.0192
1261229759.0192
1261229759.0349
1261229759.0505
1261229759.0661
1261229759.0661
1261229759.0817
1261229759.0974
1261229759.1130
1261229759.1130
1261229759.1442
1261229759.1442
1261229759.1442
1261229759.1599
1261229759.1755
1261229759.1911
1261229759.1911
1261229759.2067
1261229759.2224
1261229759.2380
1261229759.2380
1261229759.3005
1261229759.3005
1261229759.3161
1261229759.3161
1261229759.3317
1261229759.3474
1261229759.3630
1261229759.3630
1261229759.3786
1261229759.3942
1261229759.4099
1261229759.4255
1261229759.4255
1261229759.4411
1261229759.4411
1261229759.4567
1261229759.4724
1261229759.4880
1261229759.4880
1261229759.5036
1261229759.5192
1261229759.5661
1261229759.5661
1261229759.5817
1261229759.5974
1261229759.6130
1261229759.6130
1261229759.6286
1261229759.6442
1261229759.6599
1261229759.6599
1261229759.6755
1261229759.7380
1261229759.7380
1261229759.7380
1261229759.7536
1261229759.7692
1261229759.7849
1261229759.7849
1261229759.8005
1261229759.8161
1261229759.8317
1261229759.8317
1261229759.8474
1261229759.8630
1261229759.8786
1261229759.8786
1261229759.8942
1261229759.9099
1261229759.9255
1261229759.9255
1261229759.9411
1261229759.9567
1261229760.0036
1261229760.0036
1261229760.0192
1261229760.0349
1261229760.0505
1261229760.0505
1261229760.0661
1261229760.0817
1261229760.0974
1261229760.0974
1261229760.1130
1261229760.1286
1261229760.1442
1261229760.1599
1261229760.1755
1261229760.1755
1261229760.1911
1261229760.2067
1261229760.2224
1261229760.2224
1261229760.2380
1261229760.2536
1261229760.3005
1261229760.3005
1261229760.3161
1261229760.3317
1261229760.3474
1261229760.3474
1261229760.3630
1261229760.3786
1261229760.3942
1261229760.3942
1261229760.4099
1261229760.4255
1261229760.4411
1261229760.4567
1261229760.4567
1261229760.4724
1261229760.4880
1261229760.5036
1261229760.5036
1261229760.5192
1261229760.5349
1261229760.5817
1261229760.5817
1261229760.5974
1261229760.6130
1261229760.6286
1261229760.6286
1261229760.6442
1261229760.6598
1261229760.6755
1261229760.6755
1261229760.6911
1261229760.7067
1261229760.7223
1261229760.7223
1261229760.7380
1261229760.7536
1261229760.7692
1261229760.7692
1261229760.7848
1261229760.8005
1261229760.8161
1261229760.8630
1261229760.8630
1261229760.8786
1261229760.8942
1261229760.8942
1261229760.9098
1261229760.9255
1261229760.9411
1261229760.9411
1261229760.9567
1261229760.9723
1261229760.9880
1261229761.0036
1261229761.0192
1261229761.0192
1261229761.0348
1261229761.0505
1261229761.0661
1261229761.0661
1261229761.0817
1261229761.0973
1261229761.1130
1261229761.1286
1261229761.1286
1261229761.1442
1261229761.1598
1261229761.1598
1261229761.1755
1261229761.1911
1261229761.2067
1261229761.2067
1261229761.2223
1261229761.2848
1261229761.2848
1261229761.2848
1261229761.3005
1261229761.3161
1261229761.3317
1261229761.3317
1261229761.3473
1261229761.3630
1261229761.3786
1261229761.3786
1261229761.4411
1261229761.4411
1261229761.4567
1261229761.4567
1261229761.4723
1261229761.4880
1261229761.5036
1261229761.5036
1261229761.5192
1261229761.5348
1261229761.5505
1261229761.5505
1261229761.5661
1261229761.5817
1261229761.5973
1261229761.5973
1261229761.6130
1261229761.6286
1261229761.6442
1261229761.6442
1261229761.6598
1261229761.7223
1261229761.7223
1261229761.7223
1261229761.7380
1261229761.7536
1261229761.7692
1261229761.7692
1261229761.7848
1261229761.8005
1261229761.8161
1261229761.8161
1261229761.8473
1261229761.8473
1261229761.8473
1261229761.8630
1261229761.8786
1261229761.8942
1261229761.8942
1261229761.9098
1261229761.9255
1261229761.9411
1261229761.9411
1261229761.9567
1261229761.9723
1261229762.0192
1261229762.0348
1261229762.0505
1261229762.0661
1261229762.0661
1261229762.0817
1261229762.0973
1261229762.1130
1261229762.1130
1261229762.1755
1261229762.1755
1261229762.1911
1261229762.1911
1261229762.2067
1261229762.2223
1261229762.2380
1261229762.2380
1261229762.2536
1261229762.2692
1261229762.2848
1261229762.3317
1261229762.3317
1261229762.3473
1261229762.3630
1261229762.3630
1261229762.3786
1261229762.3942
1261229762.4098
1261229762.4098
1261229762.4255
1261229762.4411
1261229762.4567
1261229762.4723
1261229762.4880
1261229762.4880
1261229762.5036
1261229762.5192
1261229762.5348
1261229762.5348
1261229762.5505
1261229762.5661
1261229762.6130
1261229762.6130
1261229762.6286
1261229762.6442
1261229762.6598
1261229762.6598
1261229762.6755
1261229762.6911
1261229762.7067
1261229762.7067
1261229762.7223
1261229762.7380
1261229762.7536
1261229762.7536
1261229762.7692
1261229762.7848
1261229762.8005
1261229762.8005
1261229762.8161
1261229762.8317
1261229762.8473
1261229762.8942
1261229762.8942
1261229762.9098
1261229762.9255
1261229762.9255
1261229762.9411
1261229762.9567
1261229762.9723
1261229762.9723
1261229762.9880
1261229763.0036
1261229763.0192
1261229763.0348
1261229763.0348
1261229763.0505
1261229763.0661
1261229763.0817
1261229763.0817
1261229763.0973
1261229763.1130
1261229763.1286
1261229763.1286
1261229763.1911
1261229763.2067
1261229763.2067
1261229763.2223
1261229763.2380
1261229763.2536
1261229763.2536
1261229763.2692
1261229763.2848
1261229763.3005
1261229763.3161
1261229763.3317
1261229763.3317
1261229763.3473
1261229763.3630
1261229763.3786
1261229763.3786
1261229763.3942
1261229763.4098
1261229763.4567
1261229763.4567
1261229763.4723
1261229763.4880
1261229763.5036
1261229763.5036
1261229763.5192
1261229763.5348
1261229763.5505
1261229763.5505
1261229763.5661
1261229763.5817
1261229763.5973
1261229763.6130
1261229763.6286
1261229763.6286
1261229763.6442
1261229763.6598
1261229763.6755
1261229763.6755
1261229763.6911
1261229763.7067
1261229763.7536
1261229763.7536
1261229763.7692
1261229763.7848
1261229763.8005
1261229763.8005
1261229763.8161
1261229763.8317
1261229763.8473
1261229763.8473
1261229763.8786
1261229763.8786
1261229763.8786
1261229763.8942
1261229763.9098
1261229763.9255
1261229763.9255
1261229763.9411
1261229763.9567
1261229763.9723
1261229763.9723
1261229764.0348
1261229764.0348
1261229764.0505
1261229764.0505
1261229764.0661
1261229764.0817
1261229764.0973
1261229764.0973
1261229764.1130
1261229764.1286
1261229764.1442
1261229764.1598
1261229764.1598
1261229764.1598
1261229764.1755
1261229764.1911
1261229764.2067
1261229764.2067
1261229764.2223
1261229764.2380
1261229764.2536
1261229764.3005
1261229764.3005
1261229764.3161
1261229764.3317
1261229764.3317
1261229764.3473
1261229764.3630
1261229764.3786
1261229764.3786
1261229764.3942
1261229764.4098
1261229764.4567
1261229764.4567
1261229764.4723
1261229764.4880
1261229764.5036
1261229764.5036
1261229764.5192
1261229764.5348
1261229764.5505
1261229764.5505
1261229764.5661
1261229764.5817
1261229764.5973
1261229764.6130
1261229764.6130
1261229764.6286
1261229764.6442
1261229764.6598
1261229764.6598
1261229764.6755
1261229764.6911
1261229764.7380
1261229764.7380
1261229764.7536
1261229764.7692
1261229764.7848
1261229764.7848
1261229764.8004
1261229764.8161
1261229764.8317
1261229764.8317
1261229764.8473
1261229764.8629
1261229764.8786
1261229764.8942
1261229764.9098
1261229764.9098
1261229764.9254
1261229764.9411
1261229764.9567
1261229764.9567
1261229764.9723
1261229764.9879
1261229765.0348
1261229765.0348
1261229765.0504
1261229765.0661
1261229765.0817
1261229765.0817
1261229765.0973
1261229765.1129
1261229765.1286
1261229765.1286
1261229765.1442
1261229765.1598
1261229765.1754
1261229765.1911
1261229765.1911
1261229765.2067
1261229765.2223
1261229765.2379
1261229765.2379
1261229765.2536
1261229765.2692
1261229765.3161
1261229765.3161
1261229765.3317
1261229765.3473
1261229765.3629
1261229765.3629
1261229765.3786
1261229765.3942
1261229765.4098
1261229765.4098
1261229765.4254
1261229765.4411
1261229765.4567
1261229765.4567
1261229765.4723
1261229765.4879
1261229765.5036
1261229765.5036
1261229765.5192
1261229765.5348
1261229765.5504
1261229765.5973
1261229765.5973
1261229765.6129
1261229765.6286
1261229765.6286
1261229765.6442
1261229765.6598
1261229765.6754
1261229765.6754
1261229765.6911
1261229765.7067
1261229765.7223
1261229765.7379
1261229765.7536
1261229765.7536
1261229765.7692
1261229765.7848
1261229765.8004
1261229765.8004
1261229765.8161
1261229765.8317
1261229765.8473
1261229765.8629
1261229765.8629
1261229765.8786
1261229765.8786
1261229765.8942
1261229765.9098
1261229765.9254
1261229765.9254
1261229765.9411
1261229765.9567
1261229766.0036
1261229766.0036
1261229766.0192
1261229766.0348
1261229766.0504
1261229766.0504
1261229766.0661
1261229766.0817
1261229766.0973
1261229766.0973
1261229766.1129
1261229766.1754
1261229766.1754
1261229766.1754
1261229766.1911
1261229766.2067
1261229766.2223
1261229766.2223
1261229766.2379
1261229766.2536
1261229766.2692
1261229766.2692
1261229766.2848
1261229766.3004
1261229766.3161
1261229766.3317
1261229766.3317
1261229766.3473
1261229766.3629
1261229766.3786
1261229766.3786
1261229766.3942
1261229766.4567
1261229766.4567
1261229766.4567
1261229766.4723
1261229766.4879
1261229766.5036
1261229766.5036
1261229766.5192
1261229766.5348
1261229766.5504
1261229766.5504
1261229766.5817
1261229766.5817
1261229766.5817
1261229766.5973
1261229766.6129
1261229766.6286
1261229766.6286
1261229766.6442
1261229766.6598
1261229766.6754
1261229766.6754
1261229766.7379
1261229766.7379
1261229766.7536
1261229766.7536
1261229766.7692
1261229766.7848
1261229766.8004
1261229766.8004
1261229766.8161
1261229766.8317
1261229766.8786
1261229766.8786
1261229766.8942
1261229766.9098
1261229766.9254
1261229766.9254
1261229766.9411
1261229766.9567
1261229766.9723
1261229766.9723
1261229766.9879
1261229767.0036
1261229767.0192
1261229767.0192
1261229767.0348
1261229767.0504
1261229767.0661
1261229767.0661
1261229767.0817
1261229767.0973
1261229767.1129
1261229767.1129
1261229767.1754
1261229767.1754
1261229767.1911
1261229767.1911
1261229767.2067
1261229767.2223
1261229767.2379
1261229767.2379
1261229767.2536
1261229767.2692
1261229767.2848
1261229767.2848
1261229767.3004
1261229767.3161
1261229767.3317
1261229767.3317
1261229767.3473
1261229767.4098
1261229767.4254
1261229767.4411
1261229767.4567
1261229767.4567
1261229767.4723
1261229767.4879
1261229767.5036
1261229767.5036
1261229767.5192
1261229767.5348
1261229767.5504
1261229767.5504
1261229767.5661
1261229767.5817
1261229767.5973
1261229767.5973
1261229767.6129
1261229767.6286
1261229767.6754
1261229767.6754
1261229767.6911
1261229767.7067
1261229767.7223
1261229767.7223
1261229767.7379
1261229767.7536
1261229767.7692
1261229767.7692
1261229767.7848
1261229767.8004
1261229767.8161
1261229767.8161
1261229767.8786
1261229767.8942
1261229767.9098
1261229767.9254
1261229767.9254
1261229767.9411
1261229767.9567
1261229767.9723
1261229767.9723
1261229767.9879
1261229768.0036
1261229768.0192
1261229768.0192
1261229768.0348
1261229768.0504
1261229768.0661
1261229768.0661
1261229768.0817
1261229768.0973
1261229768.1129
1261229768.1286
1261229768.1286
1261229768.1442
1261229768.1442
1261229768.1598
1261229768.1754
1261229768.1911
1261229768.1911
1261229768.2067
1261229768.2223
1261229768.2692
1261229768.2692
1261229768.2848
1261229768.3004
1261229768.3161
1261229768.3161
1261229768.3317
1261229768.3473
1261229768.3629
1261229768.3629
1261229768.3786
1261229768.4411
1261229768.4411
1261229768.4411
1261229768.4567
1261229768.4723
1261229768.4879
1261229768.4879
1261229768.5036
1261229768.5192
1261229768.5348
1261229768.5348
1261229768.5504
1261229768.5661
1261229768.5817
1261229768.5973
1261229768.5973
1261229768.6129
1261229768.6286
1261229768.6442
1261229768.6442
1261229768.6598
1261229768.7223
1261229768.7223
1261229768.7223
1261229768.7379
1261229768.7536
1261229768.7692
1261229768.7692
1261229768.7848
1261229768.8004
1261229768.8161
1261229768.8161
1261229768.8473
1261229768.8473
1261229768.8473
1261229768.8629
1261229768.8786
1261229768.8942
1261229768.8942
1261229768.9098
1261229768.9254
1261229768.9410
1261229768.9410
1261229768.9879
1261229769.0035
1261229769.0035
1261229769.0192
1261229769.0348
1261229769.0504
1261229769.0504
1261229769.0660
1261229769.0817
1261229769.1285
1261229769.1285
1261229769.1442
1261229769.1598
1261229769.1754
1261229769.1754
1261229769.1910
1261229769.2067
1261229769.2223
1261229769.2223
1261229769.2379
1261229769.2535
1261229769.2692
1261229769.2692
1261229769.3473
1261229769.3473
1261229769.3629
1261229769.3785
1261229769.3942
1261229769.3942
1261229769.4098
1261229769.4254
1261229769.4723
1261229769.4723
1261229769.4879
1261229769.5035
1261229769.5192
1261229769.5192
1261229769.5348
1261229769.5504
1261229769.5660
1261229769.5660
1261229769.5817
1261229769.5973
1261229769.6129
1261229769.6129
1261229769.6285
1261229769.6442
1261229769.6598
1261229769.6598
1261229769.6754
1261229769.6910
1261229769.7067
1261229769.7067
1261229769.7379
1261229769.7379
1261229769.7379
1261229769.7535
1261229769.7692
1261229769.7848
1261229769.7848
1261229769.8004
1261229769.8160
1261229769.8317
1261229769.8785
1261229769.8785
1261229769.8942
1261229769.9098
1261229769.9098
1261229769.9254
1261229769.9410
1261229769.9567
1261229769.9567
1261229769.9723
1261229769.9879
1261229770.0348
1261229770.0348
1261229770.0504
1261229770.0660
1261229770.0817
1261229770.0817
1261229770.0973
1261229770.1129
1261229770.1285
1261229770.1285
1261229770.1442
1261229770.1598
1261229770.1754
1261229770.1754
1261229770.1910
1261229770.2067
1261229770.2223
1261229770.2223
1261229770.2379
1261229770.2535
1261229770.2692
1261229770.3160
1261229770.3160
1261229770.3317
1261229770.3473
1261229770.3473
1261229770.3629
1261229770.3785
1261229770.3942
1261229770.3942
1261229770.4098
1261229770.4254
1261229770.4410
1261229770.4567
1261229770.4723
1261229770.4723
1261229770.4879
1261229770.5035
1261229770.5192
1261229770.5192
1261229770.5348
1261229770.5504
1261229770.5660
1261229770.6129
1261229770.6129
1261229770.6285
1261229770.6442
1261229770.6442
1261229770.6598
1261229770.6754
1261229770.6910
1261229770.6910
1261229770.7067
1261229770.7223
1261229770.7379
1261229770.7535
1261229770.7692
1261229770.7692
1261229770.7848
1261229770.8004
1261229770.8160
1261229770.8160
1261229770.8317
1261229770.8473
1261229770.8942
1261229770.8942
1261229770.9098
1261229770.9254
1261229770.9410
1261229770.9410
1261229770.9567
1261229770.9723
1261229770.9879
1261229770.9879
1261229771.0035
1261229771.0192
1261229771.0348
1261229771.0348
1261229771.0504
1261229771.0660
1261229771.0817
1261229771.0817
1261229771.0973
1261229771.1129
1261229771.1285
1261229771.1754
1261229771.1754
1261229771.1910
1261229771.2067
1261229771.2067
1261229771.2223
1261229771.2379
1261229771.2535
1261229771.2535
1261229771.2692
1261229771.2848
1261229771.3004
1261229771.3160
1261229771.3160
1261229771.3317
1261229771.3473
1261229771.3629
1261229771.3629
1261229771.3785
1261229771.3942
1261229771.4098
1261229771.4098
1261229771.4723
1261229771.4723
1261229771.4879
1261229771.4879
1261229771.5035
1261229771.5192
1261229771.5348
1261229771.5348
1261229771.5504
1261229771.5660
1261229771.5817
1261229771.5973
1261229771.5973
1261229771.6129
1261229771.6285
1261229771.6442
1261229771.6442
1261229771.6598
1261229771.6754
1261229771.6910
1261229771.6910
1261229771.7535
1261229771.7535
1261229771.7692
1261229771.7692
1261229771.7848
1261229771.8004
1261229771.8160
1261229771.8160
1261229771.8317
1261229771.8473
1261229771.8629
1261229771.8629
1261229771.8785
1261229771.8942
1261229771.9098
1261229771.9098
1261229771.9254
1261229771.9410
1261229771.9567
1261229771.9567
1261229771.9723
1261229771.9879
1261229772.0035
1261229772.0035
1261229772.0817
1261229772.0817
1261229772.0973
1261229772.1129
1261229772.1285
1261229772.1285
1261229772.1442
1261229772.1598
1261229772.2067
1261229772.2067
1261229772.2223
1261229772.2379
1261229772.2535
1261229772.2535
1261229772.2692
1261229772.2848
1261229772.3004
1261229772.3004
1261229772.3160
1261229772.3317
1261229772.3473
1261229772.3473
1261229772.3629
1261229772.3785
1261229772.3942
1261229772.3942
1261229772.4098
1261229772.4254
1261229772.4410
1261229772.4410
1261229772.4723
1261229772.4723
1261229772.4723
1261229772.4879
1261229772.5035
1261229772.5192
1261229772.5192
1261229772.5348
1261229772.5504
1261229772.5660
1261229772.6129
1261229772.6129
1261229772.6285
1261229772.6442
1261229772.6442
1261229772.6598
1261229772.6754
1261229772.6910
1261229772.6910
1261229772.7067
1261229772.7223
1261229772.7379
1261229772.7379
1261229772.7535
1261229772.7692
1261229772.7848
1261229772.7848
1261229772.8004
1261229772.8160
1261229772.8785
1261229772.8942
1261229772.9098
1261229772.9098
1261229772.9254
1261229772.9410
1261229772.9567
1261229772.9567
1261229773.0192
1261229773.0192
1261229773.0348
1261229773.0348
1261229773.0504
1261229773.0660
1261229773.0816
1261229773.0816
1261229773.0973
1261229773.1129
1261229773.1285
1261229773.1441
1261229773.1441
1261229773.1441
1261229773.1598
1261229773.1754
1261229773.1910
1261229773.1910
1261229773.2066
1261229773.2223
1261229773.2379
1261229773.2379
1261229773.3004
1261229773.3004
1261229773.3160
1261229773.3160
1261229773.3316
1261229773.3473
1261229773.3629
1261229773.3629
1261229773.3785
1261229773.3941
1261229773.4410
1261229773.4410
1261229773.4566
1261229773.4723
1261229773.4879
1261229773.4879
1261229773.5035
1261229773.5191
1261229773.5348
1261229773.5348
1261229773.5504
1261229773.5660
1261229773.5816
1261229773.5816
1261229773.5973
1261229773.6129
1261229773.6285
1261229773.6285
1261229773.6441
1261229773.6598
1261229773.6754
1261229773.6754
1261229773.6910
1261229773.7066
1261229773.7223
1261229773.7223
1261229773.7379
1261229773.8004
1261229773.8160
1261229773.8316
1261229773.8316
1261229773.8473
1261229773.8629
1261229773.8785
1261229773.8785
1261229773.8941
1261229773.9566
1261229773.9566
1261229773.9566
1261229773.9723
1261229773.9879
1261229774.0035
1261229774.0035
1261229774.0191
1261229774.0348
1261229774.0504
1261229774.0660
1261229774.0660
1261229774.0816
1261229774.0816
1261229774.0973
1261229774.1129
1261229774.1285
1261229774.1285
1261229774.1441
1261229774.1598
1261229774.1754
1261229774.2223
1261229774.2223
1261229774.2379
1261229774.2535
1261229774.2535
1261229774.2691
1261229774.2848
1261229774.3004
1261229774.3004
1261229774.3160
1261229774.3316
1261229774.3473
1261229774.3629
1261229774.3629
1261229774.3785
1261229774.3941
1261229774.4098
1261229774.4098
1261229774.4254
1261229774.4410
1261229774.4566
1261229774.5035
1261229774.5035
1261229774.5191
1261229774.5348
1261229774.5348
1261229774.5504
1261229774.5660
1261229774.5816
1261229774.5816
1261229774.5973
1261229774.6129
1261229774.6598
1261229774.6598
1261229774.6754
1261229774.6910
1261229774.7066
1261229774.7066
1261229774.7223
1261229774.7379
1261229774.7535
1261229774.7535
1261229774.7691
1261229774.7848
1261229774.8004
1261229774.8004
1261229774.8160
1261229774.8316
1261229774.8473
1261229774.8473
1261229774.8629
1261229774.8785
1261229774.8941
1261229774.9410
1261229774.9410
1261229774.9566
1261229774.9723
1261229774.9723
1261229774.9879
1261229775.0035
1261229775.0191
1261229775.0191
1261229775.0348
1261229775.0504
1261229775.0660
1261229775.0660
1261229775.0816
1261229775.0973
1261229775.1129
1261229775.1129
1261229775.1285
1261229775.1441
1261229775.1598
1261229775.1598
1261229775.1754
1261229775.2379
1261229775.2379
1261229775.2379
1261229775.2535
1261229775.2691
1261229775.2848
1261229775.2848
1261229775.3004
1261229775.3160
1261229775.3316
1261229775.3473
1261229775.3473
1261229775.3629
1261229775.3629
1261229775.3785
1261229775.3941
1261229775.4098
1261229775.4098
1261229775.4254
1261229775.4410
1261229775.4566
1261229775.5035
1261229775.5035
1261229775.5191
1261229775.5348
1261229775.5348
1261229775.5504
1261229775.5660
1261229775.5816
1261229775.5816
1261229775.5973
1261229775.6129
1261229775.6285
1261229775.6441
1261229775.6441
1261229775.6598
1261229775.6754
1261229775.6910
1261229775.6910
1261229775.7066
1261229775.7223
1261229775.7379
1261229775.7848
1261229775.7848
1261229775.8004
1261229775.8160
1261229775.8160
1261229775.8316
1261229775.8473
1261229775.8629
1261229775.8629
1261229775.8785
1261229775.8941
1261229775.9098
1261229775.9254
1261229775.9410
1261229775.9410
1261229775.9566
1261229775.9723
1261229775.9879
1261229775.9879
1261229776.0035
1261229776.0191
1261229776.0348
1261229776.0816
1261229776.0816
1261229776.0973
1261229776.1129
1261229776.1129
1261229776.1285
1261229776.1441
1261229776.1598
1261229776.1598
1261229776.1754
1261229776.1910
1261229776.2066
1261229776.2223
1261229776.2379
1261229776.2379
1261229776.2535
1261229776.2691
1261229776.2848
1261229776.2848
1261229776.3004
1261229776.3160
1261229776.3316
1261229776.3316
1261229776.4098
1261229776.4098
1261229776.4254
1261229776.4410
1261229776.4566
1261229776.4566
1261229776.4723
1261229776.4879
1261229776.5035
1261229776.5191
1261229776.5191
1261229776.5348
1261229776.5504
1261229776.5660
1261229776.5660
1261229776.5816
1261229776.5973
1261229776.6129
1261229776.6129
1261229776.6754
1261229776.6754
1261229776.6910
1261229776.6910
1261229776.7066
1261229776.7223
1261229776.7379
1261229776.7379
1261229776.7535
1261229776.7691
1261229776.7848
1261229776.7848
1261229776.8004
1261229776.8160
1261229776.8316
1261229776.8316
1261229776.8473
1261229776.8629
1261229776.8785
1261229776.8785
1261229776.8941
1261229776.9566
1261229776.9566
1261229776.9566
1261229776.9723
1261229776.9879
1261229777.0035
1261229777.0035
1261229777.0191
1261229777.0348
1261229777.0504
1261229777.0504
1261229777.0816
1261229777.0816
1261229777.0816
1261229777.0973
1261229777.1129
1261229777.1285
1261229777.1285
1261229777.1441
1261229777.1597
1261229777.1754
1261229777.1754
1261229777.2379
1261229777.2379
1261229777.2535
1261229777.2535
1261229777.2691
1261229777.2847
1261229777.3004
1261229777.3004
1261229777.3160
1261229777.3316
1261229777.3785
1261229777.3785
1261229777.3941
1261229777.4097
1261229777.4254
1261229777.4254
1261229777.4410
1261229777.4566
1261229777.4722
1261229777.4722
1261229777.4879
1261229777.5035
1261229777.5191
1261229777.5191
1261229777.5347
1261229777.5504
1261229777.5660
1261229777.5660
1261229777.5816
1261229777.5972
1261229777.6129
1261229777.6129
1261229777.6754
1261229777.6754
1261229777.6910
1261229777.6910
1261229777.7066
1261229777.7222
1261229777.7379
1261229777.7379
1261229777.7535
1261229777.7691
1261229777.7847
1261229777.8004
1261229777.8004
1261229777.8160
1261229777.8316
1261229777.8472
1261229777.8472
1261229777.8629
1261229777.8785
1261229777.8941
1261229777.8941
1261229777.9566
1261229777.9566
1261229777.9722
1261229777.9722
1261229777.9879
1261229778.0035
1261229778.0191
1261229778.0191
1261229778.0347
1261229778.0504
1261229778.0660
1261229778.0660
1261229778.0816
1261229778.0972
1261229778.1129
1261229778.1129
1261229778.1285
1261229778.1441
1261229778.1597
1261229778.1597
1261229778.1754
1261229778.2379
1261229778.2379
1261229778.2379
1261229778.2535
1261229778.2691
1261229778.2847
1261229778.2847
1261229778.3004
1261229778.3160
1261229778.3316
1261229778.3316
1261229778.3629
1261229778.3629
1261229778.3629
1261229778.3785
1261229778.3941
1261229778.4097
1261229778.4097
1261229778.4254
1261229778.4410
1261229778.4566
1261229778.4566
1261229778.5191
1261229778.5191
1261229778.5347
1261229778.5347
1261229778.5504
1261229778.5660
1261229778.5816
1261229778.5816
1261229778.5972
1261229778.6129
1261229778.6597
1261229778.6597
1261229778.6754
1261229778.6910
1261229778.7066
1261229778.7066
1261229778.7222
1261229778.7379
1261229778.7535
1261229778.7535
1261229778.7691
1261229778.7847
1261229778.8004
1261229778.8004
1261229778.8160
1261229778.8316
1261229778.8472
1261229778.8472
1261229778.8629
1261229778.8785
1261229778.8941
1261229778.8941
1261229778.9254
1261229778.9254
1261229778.9410
1261229778.9410
1261229778.9566
1261229778.9722
1261229778.9879
1261229778.9879
1261229779.0035
1261229779.0191
1261229779.0660
1261229779.0660
1261229779.0816
1261229779.0972
1261229779.1129
1261229779.1129
1261229779.1285
1261229779.1441
1261229779.1597
1261229779.1597
1261229779.1754
1261229779.2379
1261229779.2379
1261229779.2379
1261229779.2535
1261229779.2691
1261229779.2847
1261229779.2847
1261229779.3004
1261229779.3160
1261229779.3316
1261229779.3316
1261229779.3472
1261229779.3629
1261229779.3785
1261229779.3785
1261229779.3941
1261229779.4097
1261229779.4254
1261229779.4254
1261229779.4410
1261229779.4566
1261229779.5035
1261229779.5035
1261229779.5191
1261229779.5347
1261229779.5504
1261229779.5504
1261229779.5660
1261229779.5816
1261229779.5972
1261229779.5972
1261229779.6129
1261229779.6285
1261229779.6441
1261229779.6597
1261229779.6754
1261229779.6754
1261229779.6910
1261229779.7066
1261229779.7222
1261229779.7222
1261229779.7379
1261229779.7535
1261229779.8004
1261229779.8004
1261229779.8160
1261229779.8316
1261229779.8472
1261229779.8472
1261229779.8629
1261229779.8785
1261229779.8941
1261229779.8941
1261229779.9097
1261229779.9254
1261229779.9410
1261229779.9566
1261229779.9566
1261229779.9722
1261229779.9879
1261229780.0035
1261229780.0035
1261229780.0191
1261229780.0347
1261229780.0816
1261229780.0816
1261229780.0972
1261229780.1129
1261229780.1285
1261229780.1285
1261229780.1441
1261229780.1597
1261229780.1754
1261229780.1754
1261229780.1910
1261229780.2066
1261229780.2222
1261229780.2222
1261229780.2379
1261229780.2535
1261229780.2691
1261229780.2691
1261229780.2847
1261229780.3004
1261229780.3160
1261229780.3629
1261229780.3629
1261229780.3785
1261229780.3941
1261229780.3941
1261229780.4097
1261229780.4254
1261229780.4410
1261229780.4410
1261229780.4566
1261229780.4722
1261229780.4879
1261229780.5035
1261229780.5191
1261229780.5191
1261229780.5347
1261229780.5504
1261229780.5660
1261229780.5660
1261229780.5816
1261229780.5972
1261229780.6129
1261229780.6285
1261229780.6285
1261229780.6441
1261229780.6441
1261229780.6597
1261229780.6754
1261229780.6910
1261229780.6910
1261229780.7066
1261229780.7222
1261229780.7691
1261229780.7691
1261229780.7847
1261229780.8004
1261229780.8160
1261229780.8160
1261229780.8316
1261229780.8472
1261229780.8629
1261229780.8629
1261229780.8785
1261229780.9410
1261229780.9410
1261229780.9410
1261229780.9566
1261229780.9722
1261229780.9879
1261229780.9879
1261229781.0035
1261229781.0191
1261229781.0347
1261229781.0347
1261229781.0504
1261229781.0660
1261229781.0816
1261229781.0972
1261229781.0972
1261229781.1129
1261229781.1285
1261229781.1441
1261229781.1441
1261229781.1597
1261229781.2222
1261229781.2222
1261229781.2222
1261229781.2379
1261229781.2535
1261229781.2691
1261229781.2691
1261229781.2847
1261229781.3003
1261229781.3160
1261229781.3160
1261229781.3472
1261229781.3472
1261229781.3472
1261229781.3628
1261229781.3785
1261229781.3941
1261229781.3941
1261229781.4097
1261229781.4253
1261229781.4410
1261229781.4410
1261229781.5035
1261229781.5035
1261229781.5191
1261229781.5191
1261229781.5347
1261229781.5503
1261229781.5660
1261229781.5660
1261229781.5816
1261229781.5972
1261229781.6441
1261229781.6441
1261229781.6597
1261229781.6753
1261229781.6910
1261229781.6910
1261229781.7066
1261229781.7222
1261229781.7378
1261229781.7378
1261229781.7535
1261229781.7691
1261229781.7847
1261229781.8003
1261229781.8003
1261229781.8160
1261229781.8316
1261229781.8472
1261229781.8472
1261229781.8628
1261229781.8785
1261229781.8941
1261229781.9097
1261229781.9097
1261229781.9253
1261229781.9410
1261229781.9410
1261229781.9566
1261229781.9722
1261229781.9878
1261229781.9878
1261229782.0035
1261229782.0660
1261229782.0660
1261229782.0660
1261229782.0816
1261229782.0972
1261229782.1128
1261229782.1128
1261229782.1285
1261229782.1441
1261229782.1597
1261229782.1597
1261229782.2222
1261229782.2222
1261229782.2378
1261229782.2378
1261229782.2535
1261229782.2691
1261229782.2847
1261229782.2847
1261229782.3003
1261229782.3160
1261229782.3316
1261229782.3316
1261229782.3472
1261229782.3628
1261229782.3785
1261229782.3785
1261229782.3941
1261229782.4097
1261229782.4253
1261229782.4253
1261229782.4410
1261229782.5035
1261229782.5035
1261229782.5035
1261229782.5191
1261229782.5347
1261229782.5503
1261229782.5503
1261229782.5660
1261229782.5816
1261229782.5972
1261229782.5972
1261229782.6285
1261229782.6285
1261229782.6285
1261229782.6441
1261229782.6597
1261229782.6753
1261229782.6753
1261229782.6910
1261229782.7066
1261229782.7222
1261229782.7222
1261229782.7847
1261229782.7847
1261229782.8003
1261229782.8003
1261229782.8160
1261229782.8316
1261229782.8472
1261229782.8472
1261229782.8628
1261229782.8785
1261229782.9253
1261229782.9253
1261229782.9410
1261229782.9566
1261229782.9722
1261229782.9722
1261229782.9878
1261229783.0035
1261229783.0191
1261229783.0191
1261229783.0347
1261229783.0503
1261229783.0660
1261229783.0816
1261229783.0816
1261229783.0972
1261229783.1128
1261229783.1285
1261229783.1285
1261229783.1441
1261229783.1597
1261229783.1753
1261229783.1910
1261229783.1910
1261229783.2066
1261229783.2066
1261229783.2222
1261229783.2378
1261229783.2535
1261229783.2535
1261229783.2691
1261229783.2847
1261229783.3316
1261229783.3316
1261229783.3472
1261229783.3628
1261229783.3785
1261229783.3785
1261229783.3941
1261229783.4097
1261229783.4253
1261229783.4253
1261229783.4410
1261229783.5035
1261229783.5035
1261229783.5035
1261229783.5191
1261229783.5347
1261229783.5503
1261229783.5503
1261229783.5660
1261229783.5816
1261229783.5972
1261229783.5972
1261229783.6128
1261229783.6285
1261229783.6753
1261229783.6910
1261229783.7066
1261229783.7066
1261229783.7222
1261229783.7378
1261229783.7535
1261229783.7535
1261229783.7691
1261229783.7847
1261229783.8003
1261229783.8160
1261229783.8316
1261229783.8316
1261229783.8472
1261229783.8628
1261229783.8785
1261229783.8785
1261229783.8941
1261229783.9566
1261229783.9566
1261229783.9566
1261229783.9722
1261229783.9878
1261229784.0035
1261229784.0035
1261229784.0191
1261229784.0347
1261229784.0503
1261229784.0503
1261229784.0816
1261229784.0816
1261229784.0816
1261229784.0972
1261229784.1128
1261229784.1285
1261229784.1285
1261229784.1441
1261229784.1597
1261229784.1753
1261229784.1753
1261229784.2378
1261229784.2378
1261229784.2535
1261229784.2535
1261229784.2691
1261229784.2847
1261229784.3003
1261229784.3003
1261229784.3160
1261229784.3316
1261229784.3785
1261229784.3785
1261229784.3941
1261229784.4097
1261229784.4253
1261229784.4253
1261229784.4410
1261229784.4566
1261229784.4722
1261229784.4722
1261229784.4878
1261229784.5035
1261229784.5191
1261229784.5191
1261229784.5347
1261229784.5503
1261229784.5660
1261229784.5660
1261229784.5816
1261229784.5972
1261229784.6128
1261229784.6128
1261229784.6753
1261229784.6753
1261229784.6910
1261229784.6910
1261229784.7066
1261229784.7222
1261229784.7378
1261229784.7378
1261229784.7535
1261229784.7691
1261229784.7847
1261229784.8003
1261229784.8160
1261229784.8160
1261229784.8316
1261229784.8472
1261229784.8628
1261229784.8628
1261229784.8785
1261229784.8941
1261229784.9097
1261229784.9566
1261229784.9566
1261229784.9722
1261229784.9878
1261229784.9878
1261229785.0035
1261229785.0191
1261229785.0347
1261229785.0347
1261229785.0503
1261229785.0660
1261229785.0816
1261229785.0816
1261229785.0972
1261229785.1128
1261229785.1285
1261229785.1285
1261229785.1441
1261229785.1597
1261229785.1753
1261229785.1753
1261229785.2378
1261229785.2378
1261229785.2535
1261229785.2535
1261229785.2691
1261229785.2847
1261229785.3003
1261229785.3003
1261229785.3160
1261229785.3316
1261229785.3472
1261229785.3628
1261229785.3628
1261229785.3628
1261229785.3784
1261229785.3941
1261229785.4097
1261229785.4097
1261229785.4253
1261229785.4409
1261229785.4566
1261229785.4566
1261229785.5191
1261229785.5191
1261229785.5347
1261229785.5347
1261229785.5503
1261229785.5659
1261229785.5816
1261229785.5816
1261229785.5972
1261229785.6128
1261229785.6597
1261229785.6597
1261229785.6753
1261229785.6909
1261229785.7066
1261229785.7066
1261229785.7222
1261229785.7378
1261229785.7534
1261229785.7534
1261229785.7691
1261229785.7847
1261229785.8003
1261229785.8003
1261229785.8159
1261229785.8316
1261229785.8472
1261229785.8472
1261229785.8628
1261229785.8784
1261229785.8941
1261229785.8941
1261229785.9566
1261229785.9566
1261229785.9722
1261229785.9722
1261229785.9878
1261229786.0034
1261229786.0191
1261229786.0191
1261229786.0347
1261229786.0503
1261229786.0659
1261229786.0816
1261229786.0972
1261229786.0972
1261229786.1128
1261229786.1284
1261229786.1441
1261229786.1441
1261229786.1597
1261229786.1753
1261229786.1909
1261229786.2378
1261229786.2378
1261229786.2534
1261229786.2691
1261229786.2691
1261229786.2847
1261229786.3003
1261229786.3159
1261229786.3159
1261229786.3316
1261229786.3472
1261229786.3628
1261229786.3628
1261229786.3784
1261229786.3941
1261229786.4097
1261229786.4097
1261229786.4253
1261229786.4409
1261229786.4566
1261229786.4566
1261229786.5191
1261229786.5191
1261229786.5347
1261229786.5347
1261229786.5503
1261229786.5659
1261229786.5816
1261229786.5816
1261229786.5972
1261229786.6128
1261229786.6284
1261229786.6441
1261229786.6441
1261229786.6441
1261229786.6597
1261229786.6753
1261229786.6909
1261229786.6909
1261229786.7066
1261229786.7222
1261229786.7378
1261229786.7378
1261229786.8003
1261229786.8003
1261229786.8159
1261229786.8159
1261229786.8316
1261229786.8472
1261229786.8628
1261229786.8628
1261229786.8784
1261229786.8941
1261229786.9097
1261229786.9566
1261229786.9722
1261229786.9878
1261229786.9878
1261229787.0034
1261229787.0191
1261229787.0347
1261229787.0347
1261229787.0503
1261229787.1128
1261229787.1128
1261229787.1128
1261229787.1284
1261229787.1441
1261229787.1597
1261229787.1597
1261229787.1753
1261229787.1909
1261229787.2066
1261229787.2066
1261229787.2222
1261229787.2378
1261229787.2534
1261229787.2534
1261229787.2691
1261229787.2847
1261229787.3003
1261229787.3003
1261229787.3159
1261229787.3316
1261229787.3784
1261229787.3784
1261229787.3941
1261229787.4097
1261229787.4253
1261229787.4253
1261229787.4409
1261229787.4566
1261229787.4722
1261229787.4722
1261229787.4878
1261229787.5034
1261229787.5191
1261229787.5191
1261229787.5347
1261229787.5503
1261229787.5659
1261229787.5659
1261229787.5816
1261229787.5972
1261229787.6128
1261229787.6128
1261229787.6441
1261229787.6597
1261229787.6597
1261229787.6753
1261229787.6909
1261229787.7066
1261229787.7066
1261229787.7222
1261229787.7378
1261229787.7847
1261229787.7847
1261229787.8003
1261229787.8159
1261229787.8316
1261229787.8316
1261229787.8472
1261229787.8628
1261229787.8784
1261229787.8784
1261229787.8941
1261229787.9566
1261229787.9566
1261229787.9566
1261229787.9722
1261229787.9878
1261229788.0034
1261229788.0034
1261229788.0191
1261229788.0347
1261229788.0503
1261229788.0503
1261229788.0659
1261229788.0816
1261229788.0972
1261229788.0972
1261229788.1128
1261229788.1284
1261229788.1441
1261229788.1441
1261229788.1597
1261229788.1753
1261229788.2222
1261229788.2222
1261229788.2378
1261229788.2534
1261229788.2691
1261229788.2691
1261229788.2847
1261229788.3003
1261229788.3159
1261229788.3159
1261229788.3316
1261229788.3941
1261229788.3941
1261229788.3941
1261229788.4097
1261229788.4253
1261229788.4409
1261229788.4409
1261229788.4566
1261229788.4722
1261229788.4878
1261229788.4878
1261229788.5034
1261229788.5191
1261229788.5347
1261229788.5347
1261229788.5503
1261229788.5659
1261229788.5816
1261229788.5816
1261229788.5972
1261229788.6128
1261229788.6597
1261229788.6597
1261229788.6753
1261229788.6909
1261229788.7066
1261229788.7066
1261229788.7222
1261229788.7378
1261229788.7534
1261229788.7534
1261229788.7691
1261229788.7847
1261229788.8003
1261229788.8003
1261229788.8159
1261229788.8316
1261229788.8472
1261229788.8472
1261229788.8628
1261229788.8784
1261229788.8941
1261229788.8941
1261229788.9566
1261229788.9566
1261229788.9722
1261229788.9722
1261229788.9878
1261229789.0034
1261229789.0191
1261229789.0191
1261229789.0347
1261229789.0503
1261229789.0659
1261229789.0816
1261229789.0816
1261229789.0972
1261229789.1128
1261229789.1284
1261229789.1284
1261229789.1441
1261229789.1597
1261229789.1753
1261229789.1753
1261229789.2378
1261229789.2378
1261229789.2534
1261229789.2534
1261229789.2691
1261229789.2847
1261229789.3003
1261229789.3003
1261229789.3159
1261229789.3316
1261229789.3472
1261229789.3472
1261229789.3628
1261229789.3784
1261229789.3941
1261229789.3941
1261229789.4097
1261229789.4253
1261229789.4409
1261229789.4409
1261229789.4566
1261229789.5190
1261229789.5190
1261229789.5190
1261229789.5347
1261229789.5503
1261229789.5659
1261229789.5659
1261229789.5815
1261229789.5972
1261229789.6128
1261229789.6128
1261229789.6284
1261229789.6440
1261229789.6597
1261229789.6597
1261229789.6753
1261229789.7378
1261229789.7534
1261229789.7534
1261229789.7690
1261229789.7847
1261229789.8003
1261229789.8003
1261229789.8159
1261229789.8315
1261229789.8472
1261229789.8472
1261229789.8628
1261229789.9253
1261229789.9409
1261229789.9565
1261229789.9722
1261229789.9722
1261229789.9878
1261229790.0034
1261229790.0190
1261229790.0190
1261229790.0347
1261229790.0503
1261229790.0659
1261229790.0659
1261229790.0815
1261229790.0972
1261229790.1128
1261229790.1128
1261229790.1284
1261229790.1440
1261229790.1597
1261229790.2065
1261229790.2065
1261229790.2222
1261229790.2378
1261229790.2378
1261229790.2534
1261229790.2690
1261229790.2847
1261229790.2847
1261229790.3003
1261229790.3159
1261229790.3315
1261229790.3472
1261229790.3628
1261229790.3628
1261229790.3784
1261229790.3940
1261229790.4097
1261229790.4097
1261229790.4253
1261229790.4409
1261229790.4878
1261229790.4878
1261229790.5034
1261229790.5190
1261229790.5347
1261229790.5347
1261229790.5503
1261229790.5659
1261229790.5815
1261229790.5815
1261229790.5972
1261229790.6128
1261229790.6284
1261229790.6284
1261229790.6440
1261229790.6597
1261229790.6753
1261229790.6753
1261229790.6909
1261229790.7065
1261229790.7222
1261229790.7690
1261229790.7690
1261229790.7847
1261229790.8003
1261229790.8003
1261229790.8159
1261229790.8315
1261229790.8472
1261229790.8472
1261229790.8628
1261229790.8784
1261229790.8940
1261229790.9097
1261229790.9097
1261229790.9253
1261229790.9409
1261229790.9565
1261229790.9565
1261229790.9722
1261229790.9878
1261229791.0034
1261229791.0034
1261229791.0659
1261229791.0659
1261229791.0815
1261229791.0815
1261229791.0972
1261229791.1128
1261229791.1284
1261229791.1284
1261229791.1440
1261229791.1597
1261229791.1753
1261229791.1909
1261229791.1909
1261229791.2065
1261229791.2222
1261229791.2378
1261229791.2378
1261229791.2534
1261229791.2690
1261229791.2847
1261229791.2847
1261229791.3472
1261229791.3472
1261229791.3628
1261229791.3628
1261229791.3784
1261229791.3940
1261229791.4097
1261229791.4097
1261229791.4253
1261229791.4409
1261229791.4565
1261229791.4565
1261229791.4722
1261229791.4878
1261229791.5034
1261229791.5034
1261229791.5190
1261229791.5347
1261229791.5503
1261229791.5503
1261229791.5659
1261229791.6284
1261229791.6284
1261229791.6284
1261229791.6440
1261229791.6597
1261229791.6753
1261229791.6753
1261229791.6909
1261229791.7065
1261229791.7222
1261229791.7222
1261229791.7378
1261229791.7534
1261229791.7690
1261229791.7847
1261229791.7847
1261229791.8003
1261229791.8159
1261229791.8315
1261229791.8315
1261229791.8472
1261229791.8628
1261229791.9097
1261229791.9097
1261229791.9253
1261229791.9409
1261229791.9565
1261229791.9565
1261229791.9722
1261229791.9878
1261229792.0034
1261229792.0034
1261229792.0347
1261229792.0347
1261229792.0347
1261229792.0503
1261229792.0659
1261229792.0815
1261229792.0815
1261229792.0972
1261229792.1128
1261229792.1284
1261229792.1284
1261229792.1909
1261229792.1909
1261229792.2065
1261229792.2065
1261229792.2222
1261229792.2378
1261229792.2534
1261229792.2534
1261229792.2690
1261229792.2847
1261229792.3003
1261229792.3159
1261229792.3159
1261229792.3159
1261229792.3315
1261229792.3472
1261229792.3628
1261229792.3628
1261229792.3784
1261229792.3940
1261229792.4097
1261229792.4565
1261229792.4565
1261229792.4722
1261229792.4878
1261229792.4878
1261229792.5034
1261229792.5190
1261229792.5347
1261229792.5347
1261229792.5503
1261229792.5659
1261229792.6128
1261229792.6128
1261229792.6284
1261229792.6440
1261229792.6597
1261229792.6597
1261229792.6753
1261229792.6909
1261229792.7065
1261229792.7065
1261229792.7222
1261229792.7378
1261229792.7534
1261229792.7690
1261229792.7690
1261229792.7847
1261229792.8003
1261229792.8159
1261229792.8159
1261229792.8315
1261229792.8472
1261229792.8940
1261229792.8940
1261229792.9097
1261229792.9253
1261229792.9409
1261229792.9409
1261229792.9565
1261229792.9722
1261229792.9878
1261229792.9878
1261229793.0034
1261229793.0190
1261229793.0347
1261229793.0503
1261229793.0659
1261229793.0659
1261229793.0815
1261229793.0972
1261229793.1128
1261229793.1128
1261229793.1284
1261229793.1440
1261229793.1909
1261229793.1909
1261229793.2065
1261229793.2222
1261229793.2378
1261229793.2378
1261229793.2534
1261229793.2690
1261229793.2847
1261229793.2847
1261229793.3003
1261229793.3159
1261229793.3315
1261229793.3315
1261229793.3472
1261229793.3628
1261229793.4097
1261229793.4253
1261229793.4409
1261229793.4565
1261229793.4565
1261229793.4722
1261229793.4878
1261229793.5034
1261229793.5034
1261229793.5190
1261229793.5347
1261229793.5503
1261229793.5659
1261229793.5659
1261229793.5815
1261229793.5972
1261229793.6128
1261229793.6128
1261229793.6284
1261229793.6440
1261229793.6596
1261229793.6596
1261229793.6753
1261229793.6909
1261229793.7065
1261229793.7534
1261229793.7690
1261229793.7846
1261229793.7846
1261229793.8003
1261229793.8159
1261229793.8315
1261229793.8315
1261229793.8471
1261229793.9096
1261229793.9096
1261229793.9096
1261229793.9253
1261229793.9409
1261229793.9565
1261229793.9565
1261229793.9721
1261229793.9878
1261229794.0034
1261229794.0503
1261229794.0503
1261229794.0659
1261229794.0815
1261229794.0815
1261229794.0971
1261229794.1128
1261229794.1284
1261229794.1284
1261229794.1440
1261229794.1596
1261229794.1753
1261229794.1909
1261229794.1909
1261229794.2065
1261229794.2221
1261229794.2378
1261229794.2378
1261229794.2534
1261229794.2690
1261229794.2846
1261229794.2846
1261229794.3159
1261229794.3159
1261229794.3159
1261229794.3315
1261229794.3471
1261229794.3628
1261229794.3628
1261229794.3784
1261229794.3940
1261229794.4096
1261229794.4565
1261229794.4565
1261229794.4721
1261229794.4878
1261229794.4878
1261229794.5034
1261229794.5190
1261229794.5346
1261229794.5346
1261229794.5503
1261229794.5659
1261229794.6128
1261229794.6128
1261229794.6284
1261229794.6440
1261229794.6596
1261229794.6596
1261229794.6753
1261229794.6909
1261229794.7065
1261229794.7065
1261229794.7221
1261229794.7378
1261229794.7534
1261229794.7690
1261229794.7690
1261229794.7846
1261229794.8003
1261229794.8159
1261229794.8159
1261229794.8315
1261229794.8471
1261229794.8940
1261229794.8940
1261229794.9096
1261229794.9253
1261229794.9409
1261229794.9409
1261229794.9565
1261229794.9721
1261229794.9878
1261229794.9878
1261229795.0034
1261229795.0190
1261229795.0346
1261229795.0503
1261229795.0659
1261229795.0659
1261229795.0815
1261229795.0971
1261229795.1128
1261229795.1128
1261229795.1284
1261229795.1440
1261229795.1909
1261229795.1909
1261229795.2065
1261229795.2221
1261229795.2378
1261229795.2378
1261229795.2534
1261229795.2690
1261229795.2846
1261229795.2846
1261229795.3003
1261229795.3159
1261229795.3315
1261229795.3471
1261229795.3471
1261229795.3628
1261229795.3784
1261229795.3940
1261229795.3940
1261229795.4096
1261229795.4253
1261229795.4721
1261229795.4721
1261229795.4878
1261229795.5034
1261229795.5190
1261229795.5190
1261229795.5346
1261229795.5503
1261229795.5659
1261229795.5659
1261229795.5815
1261229795.5971
1261229795.6128
1261229795.6128
1261229795.6284
1261229795.6440
1261229795.6596
1261229795.6596
1261229795.6753
1261229795.6909
1261229795.7065
1261229795.7534
1261229795.7534
1261229795.7690
1261229795.7846
1261229795.7846
1261229795.8003
1261229795.8159
1261229795.8315
1261229795.8315
1261229795.8471
1261229795.8628
1261229795.8784
1261229795.8940
1261229795.9096
1261229795.9096
1261229795.9253
1261229795.9409
1261229795.9565
1261229795.9565
1261229795.9721
1261229795.9878
1261229796.0034
1261229796.0034
1261229796.0190
1261229796.0346
1261229796.0503
1261229796.0503
1261229796.0659
1261229796.0971
1261229796.1440
1261229796.1596
1261229796.1753
1261229796.1753
1261229796.1909
1261229796.2065
1261229796.2221
1261229796.2221
1261229796.2378
1261229796.3003
1261229796.3003
1261229796.3003
1261229796.3159
1261229796.3315
1261229796.3471
1261229796.3471
1261229796.3628
1261229796.3784
1261229796.3940
1261229796.4409
1261229796.4409
1261229796.4565
1261229796.4721
1261229796.4721
1261229796.4878
1261229796.5034
1261229796.5190
1261229796.5190
1261229796.5346
1261229796.5503
1261229796.5971
1261229796.5971
1261229796.6128
1261229796.6284
1261229796.6440
1261229796.6440
1261229796.6596
1261229796.6753
1261229796.6909
1261229796.6909
1261229796.7065
1261229796.7221
1261229796.7378
1261229796.7378
1261229796.7534
1261229796.7690
1261229796.7846
1261229796.7846
1261229796.8003
1261229796.8159
1261229796.8315
1261229796.8784
1261229796.8784
1261229796.8940
1261229796.9096
1261229796.9096
1261229796.9253
1261229796.9409
1261229796.9565
1261229796.9565
1261229796.9721
1261229796.9878
1261229797.0034
1261229797.0190
1261229797.0190
1261229797.0346
1261229797.0503
1261229797.0659
1261229797.0659
1261229797.0815
1261229797.0971
1261229797.1128
1261229797.1128
1261229797.1753
1261229797.1753
1261229797.1909
1261229797.1909
1261229797.2065
1261229797.2221
1261229797.2378
1261229797.2378
1261229797.2534
1261229797.2690
1261229797.2846
1261229797.3003
1261229797.3003
1261229797.3159
1261229797.3315
1261229797.3471
1261229797.3471
1261229797.3628
1261229797.3784
1261229797.3940
1261229797.3940
1261229797.4565
1261229797.4565
1261229797.4721
1261229797.4721
1261229797.4878
1261229797.5034
1261229797.5190
1261229797.5190
1261229797.5346
1261229797.5503
1261229797.5659
1261229797.5659
1261229797.5815
1261229797.5971
1261229797.6128
1261229797.6128
1261229797.6284
1261229797.6440
1261229797.6596
1261229797.6596
1261229797.6753
1261229797.6909
1261229797.7065
1261229797.7065
1261229797.7221
1261229797.7378
1261229797.7534
1261229797.7534
1261229797.8159
1261229797.8315
1261229797.8315
1261229797.8471
1261229797.8627
1261229797.8784
1261229797.8784
1261229797.8940
1261229797.9096
1261229797.9565
1261229797.9565
1261229797.9721
1261229797.9877
1261229798.0034
1261229798.0034
1261229798.0190
1261229798.0346
1261229798.0502
1261229798.0502
1261229798.0659
1261229798.0815
1261229798.1127
1261229798.1284
1261229798.1284
1261229798.1440
1261229798.1596
1261229798.1752
1261229798.1752
1261229798.1909
1261229798.2534
1261229798.2534
1261229798.2534
1261229798.2690
1261229798.2846
1261229798.3002
1261229798.3002
1261229798.3159
1261229798.3315
1261229798.3471
1261229798.3471
1261229798.4096
1261229798.4096
1261229798.4252
1261229798.4252
1261229798.4409
1261229798.4565
1261229798.4721
1261229798.4721
1261229798.4877
1261229798.5034
1261229798.5190
1261229798.5190
1261229798.5346
1261229798.5502
1261229798.5659
1261229798.5659
1261229798.5815
1261229798.5971
1261229798.6127
1261229798.6127
1261229798.6284
1261229798.6909
1261229798.6909
1261229798.6909
1261229798.7065
1261229798.7221
1261229798.7377
1261229798.7377
1261229798.7534
1261229798.7690
1261229798.7846
1261229798.7846
1261229798.8159
1261229798.8159
1261229798.8159
1261229798.8315
1261229798.8471
1261229798.8627
1261229798.8627
1261229798.8784
1261229798.8940
1261229798.9096
1261229798.9096
1261229798.9721
1261229798.9721
1261229798.9877
1261229798.9877
1261229799.0034
1261229799.0190
1261229799.0346
1261229799.0346
1261229799.0502
1261229799.0659
1261229799.1127
1261229799.1127
1261229799.1284
1261229799.1440
1261229799.1596
1261229799.1596
1261229799.1752
1261229799.1909
1261229799.2065
1261229799.2065
1261229799.2221
1261229799.2377
1261229799.2534
1261229799.2690
1261229799.2690
1261229799.2846
1261229799.3002
1261229799.3159
1261229799.3159
1261229799.3315
1261229799.3471
1261229799.3627
1261229799.4096
1261229799.4096
1261229799.4252
1261229799.4409
1261229799.4409
1261229799.4565
1261229799.4721
1261229799.4877
1261229799.4877
1261229799.5034
1261229799.5190
1261229799.5346
1261229799.5502
1261229799.5502
1261229799.5659
1261229799.5815
1261229799.5971
1261229799.5971
1261229799.6127
1261229799.6284
1261229799.6440
1261229799.6909
1261229799.6909
1261229799.7065
1261229799.7221
1261229799.7221
1261229799.7377
1261229799.7534
1261229799.7690
1261229799.7690
1261229799.7846
1261229799.8002
1261229799.8159
1261229799.8159
1261229799.8315
1261229799.8471
1261229799.8627
1261229799.8627
1261229799.8784
1261229799.8940
1261229799.9096
1261229799.9096
1261229799.9721
1261229799.9721
1261229799.9877
1261229799.9877
1261229800.0034
1261229800.0190
1261229800.0346
1261229800.0346
1261229800.0502
1261229800.0659
1261229800.0815
1261229800.0971
1261229800.0971
1261229800.0971
1261229800.1127
1261229800.1284
1261229800.1440
1261229800.1440
1261229800.1596
1261229800.1752
1261229800.1909
1261229800.1909
1261229800.2534
1261229800.2534
1261229800.2690
1261229800.2690
1261229800.2846
1261229800.3002
1261229800.3159
1261229800.3159
1261229800.3315
1261229800.3471
1261229800.3940
1261229800.3940
1261229800.4096
1261229800.4252
1261229800.4409
1261229800.4409
1261229800.4565
1261229800.4721
1261229800.4877
1261229800.4877
1261229800.5034
1261229800.5190
1261229800.5346
1261229800.5502
1261229800.5502
1261229800.5659
1261229800.5815
1261229800.5971
1261229800.5971
1261229800.6127
1261229800.6284
1261229800.6440
1261229800.6596
1261229800.6596
1261229800.6752
1261229800.6909
1261229800.6909
1261229800.7065
1261229800.7221
1261229800.7377
1261229800.7377
1261229800.7534
1261229800.8159
1261229800.8159
1261229800.8159
1261229800.8315
1261229800.8471
1261229800.8627
1261229800.8627
1261229800.8784
1261229800.8940
1261229800.9096
1261229800.9565
1261229800.9721
1261229800.9877
1261229800.9877
1261229801.0034
1261229801.0190
1261229801.0346
1261229801.0346
1261229801.0502
1261229801.1127
1261229801.1127
1261229801.1127
1261229801.1284
1261229801.1440
1261229801.1596
1261229801.1596
1261229801.1752
1261229801.1909
1261229801.2065
1261229801.2065
1261229801.2221
1261229801.2377
1261229801.2534
1261229801.2846
1261229801.2846
1261229801.2846
1261229801.3002
1261229801.3159
1261229801.3315
1261229801.3315
1261229801.3471
1261229801.4096
1261229801.4096
1261229801.4096
1261229801.4252
1261229801.4409
1261229801.4565
1261229801.4565
1261229801.4721
1261229801.4877
1261229801.5034
1261229801.5034
1261229801.5659
1261229801.5659
1261229801.5815
1261229801.5815
1261229801.5971
1261229801.6127
1261229801.6284
1261229801.6284
1261229801.6440
1261229801.6596
1261229801.6752
1261229801.6909
1261229801.6909
1261229801.7065
1261229801.7065
1261229801.7221
1261229801.7377
1261229801.7534
1261229801.7534
1261229801.7690
1261229801.7846
1261229801.8315
1261229801.8315
1261229801.8471
1261229801.8627
1261229801.8784
1261229801.8784
1261229801.8940
1261229801.9096
1261229801.9252
1261229801.9252
1261229801.9408
1261229802.0033
1261229802.0033
1261229802.0033
1261229802.0190
1261229802.0346
1261229802.0502
1261229802.0502
1261229802.0658
1261229802.0815
1261229802.0971
1261229802.0971
1261229802.1127
1261229802.1283
1261229802.1440
1261229802.1440
1261229802.1596
1261229802.1752
1261229802.1908
1261229802.1908
1261229802.2065
1261229802.2221
1261229802.2690
1261229802.2690
1261229802.2846
1261229802.3002
1261229802.3158
1261229802.3158
1261229802.3315
1261229802.3471
1261229802.3627
1261229802.3627
1261229802.3783
1261229802.3940
1261229802.4096
1261229802.4252
1261229802.4408
1261229802.4408
1261229802.4565
1261229802.4721
1261229802.4877
1261229802.4877
1261229802.5033
1261229802.5190
1261229802.5658
1261229802.5658
1261229802.5815
1261229802.5971
1261229802.6127
1261229802.6127
1261229802.6283
1261229802.6440
1261229802.6596
1261229802.6596
1261229802.6752
1261229802.6908
1261229802.7065
1261229802.7065
1261229802.7221
1261229802.7377
1261229802.7533
1261229802.8002
1261229802.8158
1261229802.8158
1261229802.8315
1261229802.8471
1261229802.8627
1261229802.8627
1261229802.8783
1261229802.8940
1261229802.9096
1261229802.9096
1261229802.9252
1261229802.9408
1261229802.9565
1261229802.9565
1261229802.9721
1261229802.9877
1261229803.0346
1261229803.0502
1261229803.0658
1261229803.0815
1261229803.0815
1261229803.0971
1261229803.1127
1261229803.1283
1261229803.1283
1261229803.1908
1261229803.1908
1261229803.2065
1261229803.2065
1261229803.2221
1261229803.2377
1261229803.2533
1261229803.2533
1261229803.2690
1261229803.2846
1261229803.3002
1261229803.3158
1261229803.3158
1261229803.3315
1261229803.3471
1261229803.3471
1261229803.3627
1261229803.3783
1261229803.3940
1261229803.3940
1261229803.4096
1261229803.4721
1261229803.4721
1261229803.4721
1261229803.4877
1261229803.5033
1261229803.5190
1261229803.5190
1261229803.5346
1261229803.5502
1261229803.5658
1261229803.5658
1261229803.5971
1261229803.5971
1261229803.5971
1261229803.6127
1261229803.6283
1261229803.6440
1261229803.6440
1261229803.6596
1261229803.6752
1261229803.7221
1261229803.7377
1261229803.7533
1261229803.7690
1261229803.7690
1261229803.7846
1261229803.8002
1261229803.8158
1261229803.8158
1261229803.8783
1261229803.8783
1261229803.8940
1261229803.8940
1261229803.9096
1261229803.9252
1261229803.9408
1261229803.9408
1261229803.9565
1261229803.9721
1261229804.0190
1261229804.0190
1261229804.0346
1261229804.0502
1261229804.0658
1261229804.0658
1261229804.0815
1261229804.0971
1261229804.1127
1261229804.1127
1261229804.1283
1261229804.1440
1261229804.1596
1261229804.1752
1261229804.1908
1261229804.1908
1261229804.2065
1261229804.2221
1261229804.2377
1261229804.2377
1261229804.2533
1261229804.2690
1261229804.3158
1261229804.3158
1261229804.3315
1261229804.3471
1261229804.3627
1261229804.3627
1261229804.3783
1261229804.3940
1261229804.4096
1261229804.4096
1261229804.4252
1261229804.4408
1261229804.4565
1261229804.4721
1261229804.4721
1261229804.4877
1261229804.5033
1261229804.5190
1261229804.5190
1261229804.5346
1261229804.5502
1261229804.5971
1261229804.5971
1261229804.6127
1261229804.6283
1261229804.6440
1261229804.6440
1261229804.6596
1261229804.6752
1261229804.6908
1261229804.6908
1261229804.7065
1261229804.7221
1261229804.7377
1261229804.7377
1261229804.7533
1261229804.7690
1261229804.7846
1261229804.7846
1261229804.8002
1261229804.8158
1261229804.8315
1261229804.8783
1261229804.8783
1261229804.8940
1261229804.9096
1261229804.9096
1261229804.9252
1261229804.9408
1261229804.9565
1261229804.9565
1261229804.9721
1261229804.9877
1261229805.0033
1261229805.0190
1261229805.0190
1261229805.0346
1261229805.0502
1261229805.0658
1261229805.0658
1261229805.0815
1261229805.0971
1261229805.1127
1261229805.1127
1261229805.1752
1261229805.1752
1261229805.1908
1261229805.1908
1261229805.2065
1261229805.2221
1261229805.2377
1261229805.2377
1261229805.2533
1261229805.2690
1261229805.2846
1261229805.3002
1261229805.3158
1261229805.3158
1261229805.3315
1261229805.3471
1261229805.3627
1261229805.3627
1261229805.3783
1261229805.3940
1261229805.4096
1261229805.4565
1261229805.4565
1261229805.4721
1261229805.4877
1261229805.4877
1261229805.5033
1261229805.5190
1261229805.5346
1261229805.5346
1261229805.5502
1261229805.5658
1261229805.5815
1261229805.5815
1261229805.5971
1261229805.6127
1261229805.6283
1261229805.6283
1261229805.6440
1261229805.6596
1261229805.6752
1261229805.6752
1261229805.7377
1261229805.7377
1261229805.7533
1261229805.7533
1261229805.7690
1261229805.7846
1261229805.8002
1261229805.8002
1261229805.8158
1261229805.8315
1261229805.8471
1261229805.8627
1261229805.8627
1261229805.8627
1261229805.8783
1261229805.8940
1261229805.9096
1261229805.9096
1261229805.9252
1261229805.9408
1261229805.9565
1261229805.9565
1261229806.0189
1261229806.0189
1261229806.0346
1261229806.0346
1261229806.0502
1261229806.0658
1261229806.0814
1261229806.0814
1261229806.0971
1261229806.1127
1261229806.1596
1261229806.1596
1261229806.1752
1261229806.1908
1261229806.2064
1261229806.2064
1261229806.2221
1261229806.2377
1261229806.2533
1261229806.2533
1261229806.2689
1261229806.2846
1261229806.3002
1261229806.3002
1261229806.3158
1261229806.3314
1261229806.3471
1261229806.3471
1261229806.3627
1261229806.3783
1261229806.3939
1261229806.3939
1261229806.4564
1261229806.4564
1261229806.4721
1261229806.4721
1261229806.4877
1261229806.5033
1261229806.5189
1261229806.5189
1261229806.5346
1261229806.5502
1261229806.5658
1261229806.5814
1261229806.5971
1261229806.5971
1261229806.6127
1261229806.6283
1261229806.6439
1261229806.6439
1261229806.6596
1261229806.6752
1261229806.6908
1261229806.7377
1261229806.7377
1261229806.7533
1261229806.7689
1261229806.7689
1261229806.7846
1261229806.8002
1261229806.8158
1261229806.8158
1261229806.8314
1261229806.8471
1261229806.8627
1261229806.8627
1261229806.8783
1261229806.8939
1261229806.9096
1261229806.9096
1261229806.9252
1261229806.9408
1261229806.9564
1261229806.9564
1261229807.0189
1261229807.0189
1261229807.0346
1261229807.0346
1261229807.0502
1261229807.0658
1261229807.0814
1261229807.0814
1261229807.0971
1261229807.1127
1261229807.1283
1261229807.1439
1261229807.1439
1261229807.1439
1261229807.1596
1261229807.1752
1261229807.1908
1261229807.1908
1261229807.2064
1261229807.2221
1261229807.2377
1261229807.2377
1261229807.3002
1261229807.3002
1261229807.3158
1261229807.3158
1261229807.3314
1261229807.3471
1261229807.3627
1261229807.3627
1261229807.3783
1261229807.3939
1261229807.4408
1261229807.4408
1261229807.4564
1261229807.4721
1261229807.4877
1261229807.4877
1261229807.5033
1261229807.5189
1261229807.5346
1261229807.5346
1261229807.5502
1261229807.5658
1261229807.5814
1261229807.5814
1261229807.5971
1261229807.6127
1261229807.6283
1261229807.6283
1261229807.6439
1261229807.6596
1261229807.6752
1261229807.6752
1261229807.7377
1261229807.7377
1261229807.7533
1261229807.7533
1261229807.7689
1261229807.7846
1261229807.8002
1261229807.8002
1261229807.8158
1261229807.8314
1261229807.8471
1261229807.8627
1261229807.8627
1261229807.8783
1261229807.8939
1261229807.9096
1261229807.9096
1261229807.9252
1261229807.9408
1261229807.9564
1261229807.9564
1261229808.0189
1261229808.0189
1261229808.0346
1261229808.0346
1261229808.0502
1261229808.0658
1261229808.0814
1261229808.0814
1261229808.0971
1261229808.1127
1261229808.1283
1261229808.1283
1261229808.1439
1261229808.1596
1261229808.1752
1261229808.1752
1261229808.1908
1261229808.2064
1261229808.2221
1261229808.2221
1261229808.2377
1261229808.3002
1261229808.3002
1261229808.3002
1261229808.3158
1261229808.3314
1261229808.3471
1261229808.3471
1261229808.3627
1261229808.3783
1261229808.3939
1261229808.3939
1261229808.4252
1261229808.4252
1261229808.4252
1261229808.4408
1261229808.4564
1261229808.4721
1261229808.4721
1261229808.4877
1261229808.5033
1261229808.5189
1261229808.5189
1261229808.5814
1261229808.5814
1261229808.5971
1261229808.5971
1261229808.6127
1261229808.6283
1261229808.6439
1261229808.6439
1261229808.6596
1261229808.6752
1261229808.7221
1261229808.7221
1261229808.7377
1261229808.7533
1261229808.7689
1261229808.7689
1261229808.7846
1261229808.8002
1261229808.8158
1261229808.8158
1261229808.8314
1261229808.8471
1261229808.8627
1261229808.8627
1261229808.8783
1261229808.8939
1261229808.9096
1261229808.9096
1261229808.9252
1261229808.9408
1261229808.9564
1261229808.9564
1261229809.0189
1261229809.0189
1261229809.0346
1261229809.0346
1261229809.0502
1261229809.0658
1261229809.0814
1261229809.0814
1261229809.0971
1261229809.1127
1261229809.1283
1261229809.1439
1261229809.1439
1261229809.1596
1261229809.1752
1261229809.1908
1261229809.1908
1261229809.2064
1261229809.2221
1261229809.2377
1261229809.2377
1261229809.3002
1261229809.3002
1261229809.3158
1261229809.3158
1261229809.3314
1261229809.3471
1261229809.3627
1261229809.3627
1261229809.3783
1261229809.3939
1261229809.4096
1261229809.4096
1261229809.4252
1261229809.4408
1261229809.4564
1261229809.4564
1261229809.4721
1261229809.4877
1261229809.5033
1261229809.5033
1261229809.5189
1261229809.5346
1261229809.5502
1261229809.5502
1261229809.5658
1261229809.5814
1261229809.5971
1261229809.5971
1261229809.6127
1261229809.6283
1261229809.6908
1261229809.7064
1261229809.7221
1261229809.7221
1261229809.7377
1261229809.7533
1261229809.7689
1261229809.7689
1261229809.8314
1261229809.8314
1261229809.8471
1261229809.8471
1261229809.8627
1261229809.8783
1261229809.8939
1261229809.8939
1261229809.9096
1261229809.9252
1261229809.9408
1261229809.9564
1261229809.9564
1261229809.9564
1261229809.9721
1261229809.9877
1261229810.0033
1261229810.0033
1261229810.0189
1261229810.0346
1261229810.0502
1261229810.0502
1261229810.1127
1261229810.1127
1261229810.1283
1261229810.1283
1261229810.1439
1261229810.1595
1261229810.1752
1261229810.1752
1261229810.1908
1261229810.2064
1261229810.2533
1261229810.2533
1261229810.2689
1261229810.2845
1261229810.3002
1261229810.3002
1261229810.3158
1261229810.3314
1261229810.3470
1261229810.3470
1261229810.3627
1261229810.3783
1261229810.3939
1261229810.3939
1261229810.4095
1261229810.4252
1261229810.4408
1261229810.4408
1261229810.5033
1261229810.5189
1261229810.5345
1261229810.5502
1261229810.5502
1261229810.5658
1261229810.5814
1261229810.5970
1261229810.5970
1261229810.6127
1261229810.6283
1261229810.6439
1261229810.6595
1261229810.6595
1261229810.6752
1261229810.6908
1261229810.7064
1261229810.7064
1261229810.7220
1261229810.7377
1261229810.7845
1261229810.7845
1261229810.8002
1261229810.8158
1261229810.8314
1261229810.8314
1261229810.8470
1261229810.8627
1261229810.8783
1261229810.8783
1261229810.8939
1261229810.9095
1261229810.9252
1261229810.9408
1261229810.9408
1261229810.9564
1261229810.9720
1261229810.9877
1261229810.9877
1261229811.0033
1261229811.0189
1261229811.0658
1261229811.0658
1261229811.0814
1261229811.0970
1261229811.1127
1261229811.1127
1261229811.1283
1261229811.1439
1261229811.1595
1261229811.1595
1261229811.1752
1261229811.1908
1261229811.2064
1261229811.2064
1261229811.2220
1261229811.2377
1261229811.2533
1261229811.2533
1261229811.2689
1261229811.2845
1261229811.3002
1261229811.3470
1261229811.3470
1261229811.3627
1261229811.3783
1261229811.3783
1261229811.3939
1261229811.4095
1261229811.4252
1261229811.4252
1261229811.4408
1261229811.4564
1261229811.4720
1261229811.4877
1261229811.4877
1261229811.5033
1261229811.5189
1261229811.5345
1261229811.5345
1261229811.5502
1261229811.5658
1261229811.5814
1261229811.5814
1261229811.6439
1261229811.6439
1261229811.6595
1261229811.6595
1261229811.6752
1261229811.6908
1261229811.7064
1261229811.7064
1261229811.7220
1261229811.7377
1261229811.7533
1261229811.7689
1261229811.7845
1261229811.7845
1261229811.8002
1261229811.8158
1261229811.8314
1261229811.8314
1261229811.8470
1261229811.8627
1261229811.8783
1261229811.9252
1261229811.9252
1261229811.9408
1261229811.9564
1261229811.9564
1261229811.9720
1261229811.9877
1261229812.0033
1261229812.0033
1261229812.0189
1261229812.0345
1261229812.0502
1261229812.0502
1261229812.0658
1261229812.0814
1261229812.0970
1261229812.0970
1261229812.1127
1261229812.1283
1261229812.1439
1261229812.1439
1261229812.2064
1261229812.2064
1261229812.2220
1261229812.2220
1261229812.2377
1261229812.2533
1261229812.2689
1261229812.2689
1261229812.2845
1261229812.3002
1261229812.3158
1261229812.3314
1261229812.3314
1261229812.3314
1261229812.3470
1261229812.3627
1261229812.3783
1261229812.3783
1261229812.3939
1261229812.4095
1261229812.4252
1261229812.4252
1261229812.4877
1261229812.4877
1261229812.5033
1261229812.5033
1261229812.5189
1261229812.5345
1261229812.5502
1261229812.5502
1261229812.5658
1261229812.5814
1261229812.6283
1261229812.6283
1261229812.6439
1261229812.6595
1261229812.6752
1261229812.6752
1261229812.6908
1261229812.7064
1261229812.7220
1261229812.7220
1261229812.7377
1261229812.7533
1261229812.7689
1261229812.7689
1261229812.7845
1261229812.8002
1261229812.8158
1261229812.8158
1261229812.8314
1261229812.8470
1261229812.8627
1261229812.8627
1261229812.9252
1261229812.9252
1261229812.9408
1261229812.9408
1261229812.9564
1261229812.9720
1261229812.9877
1261229812.9877
1261229813.0033
1261229813.0189
1261229813.0345
1261229813.0502
1261229813.0658
1261229813.0658
1261229813.0814
1261229813.0970
1261229813.1127
1261229813.1127
1261229813.1283
1261229813.1439
1261229813.1595
1261229813.2064
1261229813.2064
1261229813.2220
1261229813.2377
1261229813.2377
1261229813.2533
1261229813.2689
1261229813.2845
1261229813.2845
1261229813.3002
1261229813.3158
1261229813.3314
1261229813.3314
1261229813.3470
1261229813.3627
1261229813.3783
1261229813.3783
1261229813.3939
1261229813.4095
1261229813.4252
1261229813.4252
1261229813.4877
1261229813.4877
1261229813.5033
1261229813.5033
1261229813.5189
1261229813.5345
1261229813.5502
1261229813.5502
1261229813.5658
1261229813.5814
1261229813.5970
1261229813.6127
1261229813.6127
1261229813.6127
1261229813.6283
1261229813.6439
1261229813.6595
1261229813.6595
1261229813.6752
1261229813.6908
1261229813.7064
1261229813.7064
1261229813.7220
1261229813.7377
1261229813.7533
1261229813.7533
1261229813.7689
1261229813.7845
1261229813.8314
1261229813.8470
1261229813.8627
1261229813.8783
1261229813.8783
1261229813.8939
1261229813.9095
1261229813.9252
1261229813.9252
1261229813.9877
1261229813.9877
1261229814.0033
1261229814.0033
1261229814.0189
1261229814.0345
1261229814.0502
1261229814.0502
1261229814.0658
1261229814.0814
1261229814.0970
1261229814.1439
1261229814.1439
1261229814.1595
1261229814.1752
1261229814.1752
1261229814.1908
1261229814.2064
1261229814.2220
1261229814.2220
1261229814.2377
1261229814.2533
1261229814.2689
1261229814.2689
1261229814.2845
1261229814.3001
1261229814.3158
1261229814.3158
1261229814.3314
1261229814.3470
1261229814.3626
1261229814.3626
1261229814.4251
1261229814.4251
1261229814.4408
1261229814.4408
1261229814.4564
1261229814.4720
1261229814.4876
1261229814.4876
1261229814.5033
1261229814.5189
1261229814.5501
1261229814.5658
1261229814.5814
1261229814.5814
1261229814.5970
1261229814.6126
1261229814.6283
1261229814.6283
1261229814.6908
1261229814.6908
1261229814.7064
1261229814.7064
1261229814.7220
1261229814.7376
1261229814.7533
1261229814.7533
1261229814.7689
1261229814.7845
1261229814.8001
1261229814.8001
1261229814.8158
1261229814.8314
1261229814.8470
1261229814.8470
1261229814.8626
1261229814.8783
1261229814.8939
1261229814.9408
1261229814.9564
1261229814.9720
1261229814.9720
1261229814.9876
1261229815.0033
1261229815.0189
1261229815.0189
1261229815.0345
1261229815.0970
1261229815.0970
1261229815.0970
1261229815.1126
1261229815.1283
1261229815.1439
1261229815.1439
1261229815.1595
1261229815.1751
1261229815.1908
1261229815.1908
1261229815.2064
1261229815.2220
1261229815.2376
1261229815.2533
1261229815.2533
1261229815.2689
1261229815.2845
1261229815.3001
1261229815.3001
1261229815.3158
1261229815.3783
1261229815.3783
1261229815.3783
1261229815.3939
1261229815.4095
1261229815.4251
1261229815.4251
1261229815.4408
1261229815.4564
1261229815.4720
1261229815.4720
1261229815.5033
1261229815.5033
1261229815.5033
1261229815.5189
1261229815.5345
1261229815.5501
1261229815.5501
1261229815.5658
1261229815.5814
1261229815.5970
1261229815.5970
1261229815.6595
1261229815.6595
1261229815.6751
1261229815.6751
1261229815.6908
1261229815.7064
1261229815.7220
1261229815.7220
1261229815.7376
1261229815.7533
1261229815.8001
1261229815.8001
1261229815.8158
1261229815.8314
1261229815.8470
1261229815.8470
1261229815.8626
1261229815.8783
1261229815.8939
1261229815.8939
1261229815.9095
1261229815.9251
1261229815.9408
1261229815.9408
1261229815.9564
1261229815.9720
1261229815.9876
1261229815.9876
1261229816.0033
1261229816.0189
1261229816.0345
1261229816.0345
1261229816.0970
1261229816.0970
1261229816.1126
1261229816.1126
1261229816.1283
1261229816.1439
1261229816.1595
1261229816.1595
1261229816.1751
1261229816.1908
1261229816.2064
1261229816.2220
1261229816.2376
1261229816.2376
1261229816.2533
1261229816.2689
1261229816.2845
1261229816.2845
1261229816.3001
1261229816.3158
1261229816.3314
1261229816.3783
1261229816.3783
1261229816.3939
1261229816.4095
1261229816.4095
1261229816.4251
1261229816.4408
1261229816.4564
1261229816.4564
1261229816.4720
1261229816.4876
1261229816.5033
1261229816.5033
1261229816.5189
1261229816.5345
1261229816.5501
1261229816.5501
1261229816.5658
1261229816.5814
1261229816.5970
1261229816.5970
1261229816.6595
1261229816.6595
1261229816.6751
1261229816.6751
1261229816.6908
1261229816.7064
1261229816.7220
1261229816.7220
1261229816.7376
1261229816.7533
1261229816.7689
1261229816.7845
1261229816.7845
1261229816.7845
1261229816.8001
1261229816.8158
1261229816.8314
1261229816.8314
1261229816.8470
1261229816.8626
1261229816.8783
1261229816.8783
1261229816.9408
1261229816.9408
1261229816.9564
1261229816.9564
1261229816.9720
1261229816.9876
1261229817.0033
1261229817.0033
1261229817.0189
1261229817.0345
1261229817.0814
1261229817.0814
1261229817.0970
1261229817.1126
1261229817.1283
1261229817.1283
1261229817.1439
1261229817.1595
1261229817.1751
1261229817.1751
1261229817.1908
1261229817.2064
1261229817.2220
1261229817.2220
1261229817.2376
1261229817.2533
1261229817.2689
1261229817.2689
1261229817.2845
1261229817.3001
1261229817.3158
1261229817.3158
1261229817.3783
1261229817.3783
1261229817.3939
1261229817.3939
1261229817.4095
1261229817.4251
1261229817.4408
1261229817.4408
1261229817.4564
1261229817.4720
1261229817.4876
1261229817.4876
1261229817.5033
1261229817.5658
1261229817.5814
1261229817.5970
1261229817.6126
1261229817.6126
1261229817.6283
1261229817.6439
1261229817.6595
1261229817.6595
1261229817.6751
1261229817.6908
1261229817.7064
1261229817.7064
1261229817.7220
1261229817.7376
1261229817.7533
1261229817.7533
1261229817.7689
1261229817.7845
1261229817.8001
1261229817.8158
1261229817.8158
1261229817.8314
1261229817.8314
1261229817.8470
1261229817.8626
1261229817.8783
1261229817.8783
1261229817.8939
1261229817.9095
1261229817.9564
1261229817.9564
1261229817.9720
1261229817.9876
1261229818.0033
1261229818.0033
1261229818.0189
1261229818.0345
1261229818.0501
1261229818.0501
1261229818.0658
1261229818.1283
1261229818.1283
1261229818.1283
1261229818.1439
1261229818.1595
1261229818.1751
1261229818.1751
1261229818.1908
1261229818.2064
1261229818.2220
1261229818.2220
1261229818.2376
1261229818.2533
1261229818.2689
1261229818.2845
1261229818.2845
1261229818.3001
1261229818.3158
1261229818.3314
1261229818.3314
1261229818.3470
1261229818.4095
1261229818.4095
1261229818.4095
1261229818.4251
1261229818.4407
1261229818.4564
1261229818.4564
1261229818.4720
1261229818.4876
1261229818.5032
1261229818.5032
1261229818.5345
1261229818.5345
1261229818.5345
1261229818.5501
1261229818.5657
1261229818.5814
1261229818.5814
1261229818.5970
1261229818.6126
1261229818.6282
1261229818.6282
1261229818.6907
1261229818.6907
1261229818.7064
1261229818.7064
1261229818.7220
1261229818.7376
1261229818.7532
1261229818.7532
1261229818.7689
1261229818.7845
1261229818.8314
1261229818.8314
1261229818.8470
1261229818.8626
1261229818.8782
1261229818.8782
1261229818.8939
1261229818.9095
1261229818.9251
1261229818.9251
1261229818.9407
1261229818.9564
1261229818.9720
1261229818.9720
1261229818.9876
1261229819.0032
1261229819.0189
1261229819.0189
1261229819.0345
1261229819.0501
1261229819.0657
1261229819.0657
1261229819.1282
1261229819.1282
1261229819.1439
1261229819.1439
1261229819.1595
1261229819.1751
1261229819.1907
1261229819.1907
1261229819.2064
1261229819.2220
1261229819.2376
1261229819.2532
1261229819.2532
1261229819.2689
1261229819.2845
1261229819.3001
1261229819.3001
1261229819.3157
1261229819.3314
1261229819.3470
1261229819.3470
1261229819.4095
1261229819.4095
1261229819.4251
1261229819.4251
1261229819.4407
1261229819.4564
1261229819.4720
1261229819.4720
1261229819.4876
1261229819.5032
1261229819.5189
1261229819.5189
1261229819.5345
1261229819.5501
1261229819.5657
1261229819.5657
1261229819.5814
1261229819.5970
1261229819.6126
1261229819.6126
1261229819.6282
1261229819.6439
1261229819.6595
1261229819.7064
1261229819.7220
1261229819.7376
1261229819.7376
1261229819.7532
1261229819.7689
1261229819.7845
1261229819.7845
1261229819.8001
1261229819.8626
1261229819.8626
1261229819.8626
1261229819.8782
1261229819.8939
1261229819.9095
1261229819.9095
1261229819.9251
1261229819.9407
1261229819.9564
1261229819.9720
1261229819.9720
1261229819.9876
1261229819.9876
1261229820.0032
1261229820.0189
1261229820.0345
1261229820.0345
1261229820.0501
1261229820.0657
1261229820.0814
1261229820.1282
1261229820.1282
1261229820.1439
1261229820.1595
1261229820.1595
1261229820.1751
1261229820.1907
1261229820.2064
1261229820.2064
1261229820.2220
1261229820.2376
1261229820.2532
1261229820.2689
1261229820.2845
1261229820.2845
1261229820.3001
1261229820.3157
1261229820.3314
1261229820.3314
1261229820.3470
1261229820.3626
1261229820.4095
1261229820.4095
1261229820.4251
1261229820.4407
1261229820.4564
1261229820.4564
1261229820.4720
1261229820.4876
1261229820.5032
1261229820.5032
1261229820.5189
1261229820.5345
1261229820.5501
1261229820.5657
1261229820.5814
1261229820.5814
1261229820.5970
1261229820.6126
1261229820.6282
1261229820.6282
1261229820.6439
1261229820.6595
1261229820.7064
1261229820.7064
1261229820.7220
1261229820.7376
1261229820.7532
1261229820.7532
1261229820.7689
1261229820.7845
1261229820.8001
1261229820.8001
1261229820.8157
1261229820.8782
1261229820.8939
1261229820.9095
1261229820.9251
1261229820.9251
1261229820.9407
1261229820.9564
1261229820.9720
1261229820.9720
1261229820.9876
1261229821.0032
1261229821.0189
1261229821.0189
1261229821.0345
1261229821.0501
1261229821.0657
1261229821.0657
1261229821.0814
1261229821.0970
1261229821.1126
1261229821.1595
1261229821.1595
1261229821.1751
1261229821.1907
1261229821.1907
1261229821.2064
1261229821.2220
1261229821.2376
1261229821.2376
1261229821.2532
1261229821.2689
1261229821.2845
1261229821.2845
1261229821.3001
1261229821.3157
1261229821.3314
1261229821.3314
1261229821.3470
1261229821.3626
1261229821.3782
1261229821.3782
1261229821.3939
1261229821.4095
1261229821.4251
1261229821.4251
1261229821.4407
1261229821.5032
1261229821.5189
1261229821.5345
1261229821.5501
1261229821.5501
1261229821.5657
1261229821.5814
1261229821.5970
1261229821.6126
1261229821.6126
1261229821.6282
1261229821.6282
1261229821.6439
1261229821.6595
1261229821.6751
1261229821.6751
1261229821.6907
1261229821.7064
1261229821.7220
1261229821.7689
1261229821.7689
1261229821.7845
1261229821.8001
1261229821.8001
1261229821.8157
1261229821.8314
1261229821.8470
1261229821.8470
1261229821.8626
1261229821.8782
1261229821.8939
1261229821.9095
1261229821.9095
1261229821.9251
1261229821.9407
1261229821.9564
1261229821.9564
1261229821.9720
1261229821.9876
1261229822.0032
1261229822.0501
1261229822.0501
1261229822.0657
1261229822.0814
1261229822.0814
1261229822.0970
1261229822.1126
1261229822.1282
1261229822.1282
1261229822.1439
1261229822.1595
1261229822.2064
1261229822.2064
1261229822.2220
1261229822.2376
1261229822.2532
1261229822.2532
1261229822.2689
1261229822.2845
1261229822.3001
1261229822.3001
1261229822.3157
1261229822.3314
1261229822.3470
1261229822.3470
1261229822.3626
1261229822.3782
1261229822.3939
1261229822.3939
1261229822.4095
1261229822.4251
1261229822.4407
1261229822.4876
1261229822.4876
1261229822.5032
1261229822.5188
1261229822.5188
1261229822.5345
1261229822.5501
1261229822.5657
1261229822.5657
1261229822.5813
1261229822.5970
1261229822.6126
1261229822.6126
1261229822.6282
1261229822.6438
1261229822.6595
1261229822.6595
1261229822.6751
1261229822.6907
1261229822.7063
1261229822.7063
1261229822.7220
1261229822.7845
1261229822.7845
1261229822.7845
1261229822.8001
1261229822.8157
1261229822.8313
1261229822.8313
1261229822.8470
1261229822.8626
1261229822.8782
1261229822.8938
1261229822.8938
1261229822.9095
1261229822.9095
1261229822.9251
1261229822.9407
1261229822.9563
1261229822.9563
1261229822.9720
1261229822.9876
1261229823.0032
1261229823.0032
1261229823.0657
1261229823.0813
1261229823.0813
1261229823.0970
1261229823.1126
1261229823.1282
1261229823.1282
1261229823.1438
1261229823.1595
1261229823.2063
1261229823.2063
1261229823.2220
1261229823.2376
1261229823.2532
1261229823.2532
1261229823.2688
1261229823.2845
1261229823.3001
1261229823.3001
1261229823.3157
1261229823.3782
1261229823.3782
1261229823.3782
1261229823.3938
1261229823.4095
1261229823.4251
1261229823.4251
1261229823.4407
1261229823.4563
1261229823.4720
1261229823.4720
1261229823.4876
1261229823.5032
1261229823.5188
1261229823.5188
1261229823.5345
1261229823.5501
1261229823.5657
1261229823.5657
1261229823.5813
1261229823.5970
1261229823.6438
1261229823.6438
1261229823.6595
1261229823.6751
1261229823.6907
1261229823.6907
1261229823.7063
1261229823.7220
1261229823.7376
1261229823.7376
1261229823.7532
1261229823.7688
1261229823.7845
1261229823.7845
1261229823.8001
1261229823.8157
1261229823.8313
1261229823.8313
1261229823.8470
1261229823.8626
1261229823.8782
1261229823.8782
1261229823.9407
1261229823.9407
1261229823.9563
1261229823.9563
1261229823.9720
1261229823.9876
1261229824.0032
1261229824.0032
1261229824.0188
1261229824.0345
1261229824.0501
1261229824.0657
1261229824.0657
1261229824.0813
1261229824.0970
1261229824.1126
1261229824.1126
1261229824.1282
1261229824.1438
1261229824.1595
1261229824.1595
1261229824.2220
1261229824.2220
1261229824.2376
1261229824.2376
1261229824.2532
1261229824.2688
1261229824.2845
1261229824.2845
1261229824.3001
1261229824.3157
1261229824.3313
1261229824.3313
1261229824.3470
1261229824.3626
1261229824.3782
1261229824.3782
1261229824.3938
1261229824.4095
1261229824.4251
1261229824.4251
1261229824.4407
1261229824.5032
1261229824.5032
1261229824.5032
1261229824.5188
1261229824.5345
1261229824.5501
1261229824.5501
1261229824.5657
1261229824.5813
1261229824.5970
1261229824.5970
1261229824.6282
1261229824.6282
1261229824.6282
1261229824.6438
1261229824.6595
1261229824.6751
1261229824.6751
1261229824.6907
1261229824.7063
1261229824.7220
1261229824.7220
1261229824.7845
1261229824.7845
1261229824.8001
1261229824.8001
1261229824.8157
1261229824.8313
1261229824.8470
1261229824.8470
1261229824.8626
1261229824.8782
